0
0
500
0 -2.121320
1 0.469303
2 1.361971
3 -2.673020
4 2.963065
5 -2.121320
6 0.469303
7 1.361971
8 -2.673020
9 2.963065
10 -2.121320
11 0.469303
12 1.361971
13 -2.673020
14 2.963065
15 -2.121320
16 0.469303
17 1.361971
18 -2.673020
19 2.963065
20 -2.121320
21 0.469303
22 1.361971
23 -2.673020
24 2.963065
25 -2.121320
26 0.469303
27 1.361971
28 -2.673020
29 2.963065
30 -2.121320
31 0.469303
32 1.361971
33 -2.673020
34 2.963065
35 -2.121320
36 0.469303
37 1.361971
38 -2.673020
39 2.963065
40 -2.121320
41 0.469303
42 1.361971
43 -2.673020
44 2.963065
45 -2.121320
46 0.469303
47 1.361971
48 -2.673020
49 2.963065
50 -2.121320
51 0.469303
52 1.361971
53 -2.673020
54 2.963065
55 -2.121320
56 0.469303
57 1.361971
58 -2.673020
59 2.963065
60 -2.121320
61 0.469303
62 1.361971
63 -2.673020
64 2.963065
65 -2.121320
66 0.469303
67 1.361971
68 -2.673020
69 2.963065
70 -2.121320
71 0.469303
72 1.361971
73 -2.673020
74 2.963065
75 -2.121320
76 0.469303
77 1.361971
78 -2.673020
79 2.963065
80 -2.121320
81 0.469303
82 1.361971
83 -2.673020
84 2.963065
85 -2.121320
86 0.469303
87 1.361971
88 -2.673020
89 2.963065
90 -2.121320
91 0.469303
92 1.361971
93 -2.673020
94 2.963065
95 -2.121320
96 0.469303
97 1.361971
98 -2.673020
99 2.963065
100 -2.121320
101 0.469303
102 1.361971
103 -2.673020
104 2.963065
105 -2.121320
106 0.469303
107 1.361971
108 -2.673020
109 2.963065
110 -2.121320
111 0.469303
112 1.361971
113 -2.673020
114 2.963065
115 -2.121320
116 0.469303
117 1.361971
118 -2.673020
119 2.963065
120 -2.121320
121 0.469303
122 1.361971
123 -2.673020
124 2.963065
125 -2.121320
126 0.469303
127 1.361971
128 -2.673020
129 2.963065
130 -2.121320
131 0.469303
132 1.361971
133 -2.673020
134 2.963065
135 -2.121320
136 0.469303
137 1.361971
138 -2.673020
139 2.963065
140 -2.121320
141 0.469303
142 1.361971
143 -2.673020
144 2.963065
145 -2.121320
146 0.469303
147 1.361971
148 -2.673020
149 2.963065
150 -2.121320
151 0.469303
152 1.361971
153 -2.673020
154 2.963065
155 -2.121320
156 0.469303
157 1.361971
158 -2.673020
159 2.963065
160 -2.121320
161 0.469303
162 1.361971
163 -2.673020
164 2.963065
165 -2.121320
166 0.469303
167 1.361971
168 -2.673020
169 2.963065
170 -2.121320
171 0.469303
172 1.361971
173 -2.673020
174 2.963065
175 -2.121320
176 0.469303
177 1.361971
178 -2.673020
179 2.963065
180 -2.121320
181 0.469303
182 1.361971
183 -2.673020
184 2.963065
185 -2.121320
186 0.469303
187 1.361971
188 -2.673020
189 2.963065
190 -2.121320
191 0.469303
192 1.361971
193 -2.673020
194 2.963065
195 -2.121320
196 0.469303
197 1.361971
198 -2.673020
199 2.963065
200 -2.121320
201 0.469303
202 1.361971
203 -2.673020
204 2.963065
205 -2.121320
206 0.469303
207 1.361971
208 -2.673020
209 2.963065
210 -2.121320
211 0.469303
212 1.361971
213 -2.673020
214 2.963065
215 -2.121320
216 0.469303
217 1.361971
218 -2.673020
219 2.963065
220 -2.121320
221 0.469303
222 1.361971
223 -2.673020
224 2.963065
225 -2.121320
226 0.469303
227 1.361971
228 -2.673020
229 2.963065
230 -2.121320
231 0.469303
232 1.361971
233 -2.673020
234 2.963065
235 -2.121320
236 0.469303
237 1.361971
238 -2.673020
239 2.963065
240 -2.121320
241 0.469303
242 1.361971
243 -2.673020
244 2.963065
245 -2.121320
246 0.469303
247 1.361971
248 -2.673020
249 2.963065
250 -2.121320
251 0.469303
252 1.361971
253 -2.673020
254 2.963065
255 -2.121320
256 0.469303
257 1.361971
258 -2.673020
259 2.963065
260 -2.121320
261 0.469303
262 1.361971
263 -2.673020
264 2.963065
265 -2.121320
266 0.469303
267 1.361971
268 -2.673020
269 2.963065
270 -2.121320
271 0.469303
272 1.361971
273 -2.673020
274 2.963065
275 -2.121320
276 0.469303
277 1.361971
278 -2.673020
279 2.963065
280 -2.121320
281 0.469303
282 1.361971
283 -2.673020
284 2.963065
285 -2.121320
286 0.469303
287 1.361971
288 -2.673020
289 2.963065
290 -2.121320
291 0.469303
292 1.361971
293 -2.673020
294 2.963065
295 -2.121320
296 0.469303
297 1.361971
298 -2.673020
299 2.963065
300 -2.121320
301 0.469303
302 1.361971
303 -2.673020
304 2.963065
305 -2.121320
306 0.469303
307 1.361971
308 -2.673020
309 2.963065
310 -2.121320
311 0.469303
312 1.361971
313 -2.673020
314 2.963065
315 -2.121320
316 0.469303
317 1.361971
318 -2.673020
319 2.963065
320 -2.121320
321 0.469303
322 1.361971
323 -2.673020
324 2.963065
325 -2.121320
326 0.469303
327 1.361971
328 -2.673020
329 2.963065
330 -2.121320
331 0.469303
332 1.361971
333 -2.673020
334 2.963065
335 -2.121320
336 0.469303
337 1.361971
338 -2.673020
339 2.963065
340 -2.121320
341 0.469303
342 1.361971
343 -2.673020
344 2.963065
345 -2.121320
346 0.469303
347 1.361971
348 -2.673020
349 2.963065
350 -2.121320
351 0.469303
352 1.361971
353 -2.673020
354 2.963065
355 -2.121320
356 0.469303
357 1.361971
358 -2.673020
359 2.963065
360 -2.121320
361 0.469303
362 1.361971
363 -2.673020
364 2.963065
365 -2.121320
366 0.469303
367 1.361971
368 -2.673020
369 2.963065
370 -2.121320
371 0.469303
372 1.361971
373 -2.673020
374 2.963065
375 -2.121320
376 0.469303
377 1.361971
378 -2.673020
379 2.963065
380 -2.121320
381 0.469303
382 1.361971
383 -2.673020
384 2.963065
385 -2.121320
386 0.469303
387 1.361971
388 -2.673020
389 2.963065
390 -2.121320
391 0.469303
392 1.361971
393 -2.673020
394 2.963065
395 -2.121320
396 0.469303
397 1.361971
398 -2.673020
399 2.963065
400 -2.121320
401 0.469303
402 1.361971
403 -2.673020
404 2.963065
405 -2.121320
406 0.469303
407 1.361971
408 -2.673020
409 2.963065
410 -2.121320
411 0.469303
412 1.361971
413 -2.673020
414 2.963065
415 -2.121320
416 0.469303
417 1.361971
418 -2.673020
419 2.963065
420 -2.121320
421 0.469303
422 1.361971
423 -2.673020
424 2.963065
425 -2.121320
426 0.469303
427 1.361971
428 -2.673020
429 2.963065
430 -2.121320
431 0.469303
432 1.361971
433 -2.673020
434 2.963065
435 -2.121320
436 0.469303
437 1.361971
438 -2.673020
439 2.963065
440 -2.121320
441 0.469303
442 1.361971
443 -2.673020
444 2.963065
445 -2.121320
446 0.469303
447 1.361971
448 -2.673020
449 2.963065
450 -2.121320
451 0.469303
452 1.361971
453 -2.673020
454 2.963065
455 -2.121320
456 0.469303
457 1.361971
458 -2.673020
459 2.963065
460 -2.121320
461 0.469303
462 1.361971
463 -2.673020
464 2.963065
465 -2.121320
466 0.469303
467 1.361971
468 -2.673020
469 2.963065
470 -2.121320
471 0.469303
472 1.361971
473 -2.673020
474 2.963065
475 -2.121320
476 0.469303
477 1.361971
478 -2.673020
479 2.963065
480 -2.121320
481 0.469303
482 1.361971
483 -2.673020
484 2.963065
485 -2.121320
486 0.469303
487 1.361971
488 -2.673020
489 2.963065
490 -2.121320
491 0.469303
492 1.361971
493 -2.673020
494 2.963065
495 -2.121320
496 0.469303
497 1.361971
498 -2.673020
499 2.963065
