0
0
1001
0 10000.000000
1 10010.000000
2 10020.000000
3 10030.000000
4 10040.000000
5 10050.000000
6 10060.000000
7 10070.000000
8 10080.000000
9 10090.000000
10 10100.000000
11 10110.000000
12 10120.000000
13 10130.000000
14 10140.000000
15 10150.000000
16 10160.000000
17 10170.000000
18 10180.000000
19 10190.000000
20 10200.000000
21 10210.000000
22 10220.000000
23 10230.000000
24 10240.000000
25 10250.000000
26 10260.000000
27 10270.000000
28 10280.000000
29 10290.000000
30 10300.000000
31 10310.000000
32 10320.000000
33 10330.000000
34 10340.000000
35 10350.000000
36 10360.000000
37 10370.000000
38 10380.000000
39 10390.000000
40 10400.000000
41 10410.000000
42 10420.000000
43 10430.000000
44 10440.000000
45 10450.000000
46 10460.000000
47 10470.000000
48 10480.000000
49 10490.000000
50 10500.000000
51 10510.000000
52 10520.000000
53 10530.000000
54 10540.000000
55 10550.000000
56 10560.000000
57 10570.000000
58 10580.000000
59 10590.000000
60 10600.000000
61 10610.000000
62 10620.000000
63 10630.000000
64 10640.000000
65 10650.000000
66 10660.000000
67 10670.000000
68 10680.000000
69 10690.000000
70 10700.000000
71 10710.000000
72 10720.000000
73 10730.000000
74 10740.000000
75 10750.000000
76 10760.000000
77 10770.000000
78 10780.000000
79 10790.000000
80 10800.000000
81 10810.000000
82 10820.000000
83 10830.000000
84 10840.000000
85 10850.000000
86 10860.000000
87 10870.000000
88 10880.000000
89 10890.000000
90 10900.000000
91 10910.000000
92 10920.000000
93 10930.000000
94 10940.000000
95 10950.000000
96 10960.000000
97 10970.000000
98 10980.000000
99 10990.000000
100 11000.000000
101 11010.000000
102 11020.000000
103 11030.000000
104 11040.000000
105 11050.000000
106 11060.000000
107 11070.000000
108 11080.000000
109 11090.000000
110 11100.000000
111 11110.000000
112 11120.000000
113 11130.000000
114 11140.000000
115 11150.000000
116 11160.000000
117 11170.000000
118 11180.000000
119 11190.000000
120 11200.000000
121 11210.000000
122 11220.000000
123 11230.000000
124 11240.000000
125 11250.000000
126 11260.000000
127 11270.000000
128 11280.000000
129 11290.000000
130 11300.000000
131 11310.000000
132 11320.000000
133 11330.000000
134 11340.000000
135 11350.000000
136 11360.000000
137 11370.000000
138 11380.000000
139 11390.000000
140 11400.000000
141 11410.000000
142 11420.000000
143 11430.000000
144 11440.000000
145 11450.000000
146 11460.000000
147 11470.000000
148 11480.000000
149 11490.000000
150 11500.000000
151 11510.000000
152 11520.000000
153 11530.000000
154 11540.000000
155 11550.000000
156 11560.000000
157 11570.000000
158 11580.000000
159 11590.000000
160 11600.000000
161 11610.000000
162 11620.000000
163 11630.000000
164 11640.000000
165 11650.000000
166 11660.000000
167 11670.000000
168 11680.000000
169 11690.000000
170 11700.000000
171 11710.000000
172 11720.000000
173 11730.000000
174 11740.000000
175 11750.000000
176 11760.000000
177 11770.000000
178 11780.000000
179 11790.000000
180 11800.000000
181 11810.000000
182 11820.000000
183 11830.000000
184 11840.000000
185 11850.000000
186 11860.000000
187 11870.000000
188 11880.000000
189 11890.000000
190 11900.000000
191 11910.000000
192 11920.000000
193 11930.000000
194 11940.000000
195 11950.000000
196 11960.000000
197 11970.000000
198 11980.000000
199 11990.000000
200 12000.000000
201 12010.000000
202 12020.000000
203 12030.000000
204 12040.000000
205 12050.000000
206 12060.000000
207 12070.000000
208 12080.000000
209 12090.000000
210 12100.000000
211 12110.000000
212 12120.000000
213 12130.000000
214 12140.000000
215 12150.000000
216 12160.000000
217 12170.000000
218 12180.000000
219 12190.000000
220 12200.000000
221 12210.000000
222 12220.000000
223 12230.000000
224 12240.000000
225 12250.000000
226 12260.000000
227 12270.000000
228 12280.000000
229 12290.000000
230 12300.000000
231 12310.000000
232 12320.000000
233 12330.000000
234 12340.000000
235 12350.000000
236 12360.000000
237 12370.000000
238 12380.000000
239 12390.000000
240 12400.000000
241 12410.000000
242 12420.000000
243 12430.000000
244 12440.000000
245 12450.000000
246 12460.000000
247 12470.000000
248 12480.000000
249 12490.000000
250 12500.000000
251 12510.000000
252 12520.000000
253 12530.000000
254 12540.000000
255 12550.000000
256 12560.000000
257 12570.000000
258 12580.000000
259 12590.000000
260 12600.000000
261 12610.000000
262 12620.000000
263 12630.000000
264 12640.000000
265 12650.000000
266 12660.000000
267 12670.000000
268 12680.000000
269 12690.000000
270 12700.000000
271 12710.000000
272 12720.000000
273 12730.000000
274 12740.000000
275 12750.000000
276 12760.000000
277 12770.000000
278 12780.000000
279 12790.000000
280 12800.000000
281 12810.000000
282 12820.000000
283 12830.000000
284 12840.000000
285 12850.000000
286 12860.000000
287 12870.000000
288 12880.000000
289 12890.000000
290 12900.000000
291 12910.000000
292 12920.000000
293 12930.000000
294 12940.000000
295 12950.000000
296 12960.000000
297 12970.000000
298 12980.000000
299 12990.000000
300 13000.000000
301 13010.000000
302 13020.000000
303 13030.000000
304 13040.000000
305 13050.000000
306 13060.000000
307 13070.000000
308 13080.000000
309 13090.000000
310 13100.000000
311 13110.000000
312 13120.000000
313 13130.000000
314 13140.000000
315 13150.000000
316 13160.000000
317 13170.000000
318 13180.000000
319 13190.000000
320 13200.000000
321 13210.000000
322 13220.000000
323 13230.000000
324 13240.000000
325 13250.000000
326 13260.000000
327 13270.000000
328 13280.000000
329 13290.000000
330 13300.000000
331 13310.000000
332 13320.000000
333 13330.000000
334 13340.000000
335 13350.000000
336 13360.000000
337 13370.000000
338 13380.000000
339 13390.000000
340 13400.000000
341 13410.000000
342 13420.000000
343 13430.000000
344 13440.000000
345 13450.000000
346 13460.000000
347 13470.000000
348 13480.000000
349 13490.000000
350 13500.000000
351 13510.000000
352 13520.000000
353 13530.000000
354 13540.000000
355 13550.000000
356 13560.000000
357 13570.000000
358 13580.000000
359 13590.000000
360 13600.000000
361 13610.000000
362 13620.000000
363 13630.000000
364 13640.000000
365 13650.000000
366 13660.000000
367 13670.000000
368 13680.000000
369 13690.000000
370 13700.000000
371 13710.000000
372 13720.000000
373 13730.000000
374 13740.000000
375 13750.000000
376 13760.000000
377 13770.000000
378 13780.000000
379 13790.000000
380 13800.000000
381 13810.000000
382 13820.000000
383 13830.000000
384 13840.000000
385 13850.000000
386 13860.000000
387 13870.000000
388 13880.000000
389 13890.000000
390 13900.000000
391 13910.000000
392 13920.000000
393 13930.000000
394 13940.000000
395 13950.000000
396 13960.000000
397 13970.000000
398 13980.000000
399 13990.000000
400 14000.000000
401 14010.000000
402 14020.000000
403 14030.000000
404 14040.000000
405 14050.000000
406 14060.000000
407 14070.000000
408 14080.000000
409 14090.000000
410 14100.000000
411 14110.000000
412 14120.000000
413 14130.000000
414 14140.000000
415 14150.000000
416 14160.000000
417 14170.000000
418 14180.000000
419 14190.000000
420 14200.000000
421 14210.000000
422 14220.000000
423 14230.000000
424 14240.000000
425 14250.000000
426 14260.000000
427 14270.000000
428 14280.000000
429 14290.000000
430 14300.000000
431 14310.000000
432 14320.000000
433 14330.000000
434 14340.000000
435 14350.000000
436 14360.000000
437 14370.000000
438 14380.000000
439 14390.000000
440 14400.000000
441 14410.000000
442 14420.000000
443 14430.000000
444 14440.000000
445 14450.000000
446 14460.000000
447 14470.000000
448 14480.000000
449 14490.000000
450 14500.000000
451 14510.000000
452 14520.000000
453 14530.000000
454 14540.000000
455 14550.000000
456 14560.000000
457 14570.000000
458 14580.000000
459 14590.000000
460 14600.000000
461 14610.000000
462 14620.000000
463 14630.000000
464 14640.000000
465 14650.000000
466 14660.000000
467 14670.000000
468 14680.000000
469 14690.000000
470 14700.000000
471 14710.000000
472 14720.000000
473 14730.000000
474 14740.000000
475 14750.000000
476 14760.000000
477 14770.000000
478 14780.000000
479 14790.000000
480 14800.000000
481 14810.000000
482 14820.000000
483 14830.000000
484 14840.000000
485 14850.000000
486 14860.000000
487 14870.000000
488 14880.000000
489 14890.000000
490 14900.000000
491 14910.000000
492 14920.000000
493 14930.000000
494 14940.000000
495 14950.000000
496 14960.000000
497 14970.000000
498 14980.000000
499 14990.000000
500 15000.000000
501 15010.000000
502 15020.000000
503 15030.000000
504 15040.000000
505 15050.000000
506 15060.000000
507 15070.000000
508 15080.000000
509 15090.000000
510 15100.000000
511 15110.000000
512 15120.000000
513 15130.000000
514 15140.000000
515 15150.000000
516 15160.000000
517 15170.000000
518 15180.000000
519 15190.000000
520 15200.000000
521 15210.000000
522 15220.000000
523 15230.000000
524 15240.000000
525 15250.000000
526 15260.000000
527 15270.000000
528 15280.000000
529 15290.000000
530 15300.000000
531 15310.000000
532 15320.000000
533 15330.000000
534 15340.000000
535 15350.000000
536 15360.000000
537 15370.000000
538 15380.000000
539 15390.000000
540 15400.000000
541 15410.000000
542 15420.000000
543 15430.000000
544 15440.000000
545 15450.000000
546 15460.000000
547 15470.000000
548 15480.000000
549 15490.000000
550 15500.000000
551 15510.000000
552 15520.000000
553 15530.000000
554 15540.000000
555 15550.000000
556 15560.000000
557 15570.000000
558 15580.000000
559 15590.000000
560 15600.000000
561 15610.000000
562 15620.000000
563 15630.000000
564 15640.000000
565 15650.000000
566 15660.000000
567 15670.000000
568 15680.000000
569 15690.000000
570 15700.000000
571 15710.000000
572 15720.000000
573 15730.000000
574 15740.000000
575 15750.000000
576 15760.000000
577 15770.000000
578 15780.000000
579 15790.000000
580 15800.000000
581 15810.000000
582 15820.000000
583 15830.000000
584 15840.000000
585 15850.000000
586 15860.000000
587 15870.000000
588 15880.000000
589 15890.000000
590 15900.000000
591 15910.000000
592 15920.000000
593 15930.000000
594 15940.000000
595 15950.000000
596 15960.000000
597 15970.000000
598 15980.000000
599 15990.000000
600 16000.000000
601 16010.000000
602 16020.000000
603 16030.000000
604 16040.000000
605 16050.000000
606 16060.000000
607 16070.000000
608 16080.000000
609 16090.000000
610 16100.000000
611 16110.000000
612 16120.000000
613 16130.000000
614 16140.000000
615 16150.000000
616 16160.000000
617 16170.000000
618 16180.000000
619 16190.000000
620 16200.000000
621 16210.000000
622 16220.000000
623 16230.000000
624 16240.000000
625 16250.000000
626 16260.000000
627 16270.000000
628 16280.000000
629 16290.000000
630 16300.000000
631 16310.000000
632 16320.000000
633 16330.000000
634 16340.000000
635 16350.000000
636 16360.000000
637 16370.000000
638 16380.000000
639 16390.000000
640 16400.000000
641 16410.000000
642 16420.000000
643 16430.000000
644 16440.000000
645 16450.000000
646 16460.000000
647 16470.000000
648 16480.000000
649 16490.000000
650 16500.000000
651 16510.000000
652 16520.000000
653 16530.000000
654 16540.000000
655 16550.000000
656 16560.000000
657 16570.000000
658 16580.000000
659 16590.000000
660 16600.000000
661 16610.000000
662 16620.000000
663 16630.000000
664 16640.000000
665 16650.000000
666 16660.000000
667 16670.000000
668 16680.000000
669 16690.000000
670 16700.000000
671 16710.000000
672 16720.000000
673 16730.000000
674 16740.000000
675 16750.000000
676 16760.000000
677 16770.000000
678 16780.000000
679 16790.000000
680 16800.000000
681 16810.000000
682 16820.000000
683 16830.000000
684 16840.000000
685 16850.000000
686 16860.000000
687 16870.000000
688 16880.000000
689 16890.000000
690 16900.000000
691 16910.000000
692 16920.000000
693 16930.000000
694 16940.000000
695 16950.000000
696 16960.000000
697 16970.000000
698 16980.000000
699 16990.000000
700 17000.000000
701 17010.000000
702 17020.000000
703 17030.000000
704 17040.000000
705 17050.000000
706 17060.000000
707 17070.000000
708 17080.000000
709 17090.000000
710 17100.000000
711 17110.000000
712 17120.000000
713 17130.000000
714 17140.000000
715 17150.000000
716 17160.000000
717 17170.000000
718 17180.000000
719 17190.000000
720 17200.000000
721 17210.000000
722 17220.000000
723 17230.000000
724 17240.000000
725 17250.000000
726 17260.000000
727 17270.000000
728 17280.000000
729 17290.000000
730 17300.000000
731 17310.000000
732 17320.000000
733 17330.000000
734 17340.000000
735 17350.000000
736 17360.000000
737 17370.000000
738 17380.000000
739 17390.000000
740 17400.000000
741 17410.000000
742 17420.000000
743 17430.000000
744 17440.000000
745 17450.000000
746 17460.000000
747 17470.000000
748 17480.000000
749 17490.000000
750 17500.000000
751 17510.000000
752 17520.000000
753 17530.000000
754 17540.000000
755 17550.000000
756 17560.000000
757 17570.000000
758 17580.000000
759 17590.000000
760 17600.000000
761 17610.000000
762 17620.000000
763 17630.000000
764 17640.000000
765 17650.000000
766 17660.000000
767 17670.000000
768 17680.000000
769 17690.000000
770 17700.000000
771 17710.000000
772 17720.000000
773 17730.000000
774 17740.000000
775 17750.000000
776 17760.000000
777 17770.000000
778 17780.000000
779 17790.000000
780 17800.000000
781 17810.000000
782 17820.000000
783 17830.000000
784 17840.000000
785 17850.000000
786 17860.000000
787 17870.000000
788 17880.000000
789 17890.000000
790 17900.000000
791 17910.000000
792 17920.000000
793 17930.000000
794 17940.000000
795 17950.000000
796 17960.000000
797 17970.000000
798 17980.000000
799 17990.000000
800 18000.000000
801 18010.000000
802 18020.000000
803 18030.000000
804 18040.000000
805 18050.000000
806 18060.000000
807 18070.000000
808 18080.000000
809 18090.000000
810 18100.000000
811 18110.000000
812 18120.000000
813 18130.000000
814 18140.000000
815 18150.000000
816 18160.000000
817 18170.000000
818 18180.000000
819 18190.000000
820 18200.000000
821 18210.000000
822 18220.000000
823 18230.000000
824 18240.000000
825 18250.000000
826 18260.000000
827 18270.000000
828 18280.000000
829 18290.000000
830 18300.000000
831 18310.000000
832 18320.000000
833 18330.000000
834 18340.000000
835 18350.000000
836 18360.000000
837 18370.000000
838 18380.000000
839 18390.000000
840 18400.000000
841 18410.000000
842 18420.000000
843 18430.000000
844 18440.000000
845 18450.000000
846 18460.000000
847 18470.000000
848 18480.000000
849 18490.000000
850 18500.000000
851 18510.000000
852 18520.000000
853 18530.000000
854 18540.000000
855 18550.000000
856 18560.000000
857 18570.000000
858 18580.000000
859 18590.000000
860 18600.000000
861 18610.000000
862 18620.000000
863 18630.000000
864 18640.000000
865 18650.000000
866 18660.000000
867 18670.000000
868 18680.000000
869 18690.000000
870 18700.000000
871 18710.000000
872 18720.000000
873 18730.000000
874 18740.000000
875 18750.000000
876 18760.000000
877 18770.000000
878 18780.000000
879 18790.000000
880 18800.000000
881 18810.000000
882 18820.000000
883 18830.000000
884 18840.000000
885 18850.000000
886 18860.000000
887 18870.000000
888 18880.000000
889 18890.000000
890 18900.000000
891 18910.000000
892 18920.000000
893 18930.000000
894 18940.000000
895 18950.000000
896 18960.000000
897 18970.000000
898 18980.000000
899 18990.000000
900 19000.000000
901 19010.000000
902 19020.000000
903 19030.000000
904 19040.000000
905 19050.000000
906 19060.000000
907 19070.000000
908 19080.000000
909 19090.000000
910 19100.000000
911 19110.000000
912 19120.000000
913 19130.000000
914 19140.000000
915 19150.000000
916 19160.000000
917 19170.000000
918 19180.000000
919 19190.000000
920 19200.000000
921 19210.000000
922 19220.000000
923 19230.000000
924 19240.000000
925 19250.000000
926 19260.000000
927 19270.000000
928 19280.000000
929 19290.000000
930 19300.000000
931 19310.000000
932 19320.000000
933 19330.000000
934 19340.000000
935 19350.000000
936 19360.000000
937 19370.000000
938 19380.000000
939 19390.000000
940 19400.000000
941 19410.000000
942 19420.000000
943 19430.000000
944 19440.000000
945 19450.000000
946 19460.000000
947 19470.000000
948 19480.000000
949 19490.000000
950 19500.000000
951 19510.000000
952 19520.000000
953 19530.000000
954 19540.000000
955 19550.000000
956 19560.000000
957 19570.000000
958 19580.000000
959 19590.000000
960 19600.000000
961 19610.000000
962 19620.000000
963 19630.000000
964 19640.000000
965 19650.000000
966 19660.000000
967 19670.000000
968 19680.000000
969 19690.000000
970 19700.000000
971 19710.000000
972 19720.000000
973 19730.000000
974 19740.000000
975 19750.000000
976 19760.000000
977 19770.000000
978 19780.000000
979 19790.000000
980 19800.000000
981 19810.000000
982 19820.000000
983 19830.000000
984 19840.000000
985 19850.000000
986 19860.000000
987 19870.000000
988 19880.000000
989 19890.000000
990 19900.000000
991 19910.000000
992 19920.000000
993 19930.000000
994 19940.000000
995 19950.000000
996 19960.000000
997 19970.000000
998 19980.000000
999 19990.000000
1000 20000.000000
