0
0
1001
0 0.000000
1 5.000000
2 10.000000
3 15.000000
4 20.000000
5 25.000000
6 30.000000
7 35.000000
8 40.000000
9 45.000000
10 50.000000
11 55.000000
12 60.000000
13 65.000000
14 70.000000
15 75.000000
16 80.000000
17 85.000000
18 90.000000
19 95.000000
20 100.000000
21 105.000000
22 110.000000
23 115.000000
24 120.000000
25 125.000000
26 130.000000
27 135.000000
28 140.000000
29 145.000000
30 150.000000
31 155.000000
32 160.000000
33 165.000000
34 170.000000
35 175.000000
36 180.000000
37 185.000000
38 190.000000
39 195.000000
40 200.000000
41 205.000000
42 210.000000
43 215.000000
44 220.000000
45 225.000000
46 230.000000
47 235.000000
48 240.000000
49 245.000000
50 250.000000
51 255.000000
52 260.000000
53 265.000000
54 270.000000
55 275.000000
56 280.000000
57 285.000000
58 290.000000
59 295.000000
60 300.000000
61 305.000000
62 310.000000
63 315.000000
64 320.000000
65 325.000000
66 330.000000
67 335.000000
68 340.000000
69 345.000000
70 350.000000
71 355.000000
72 360.000000
73 365.000000
74 370.000000
75 375.000000
76 380.000000
77 385.000000
78 390.000000
79 395.000000
80 400.000000
81 405.000000
82 410.000000
83 415.000000
84 420.000000
85 425.000000
86 430.000000
87 435.000000
88 440.000000
89 445.000000
90 450.000000
91 455.000000
92 460.000000
93 465.000000
94 470.000000
95 475.000000
96 480.000000
97 485.000000
98 490.000000
99 495.000000
100 500.000000
101 505.000000
102 510.000000
103 515.000000
104 520.000000
105 525.000000
106 530.000000
107 535.000000
108 540.000000
109 545.000000
110 550.000000
111 555.000000
112 560.000000
113 565.000000
114 570.000000
115 575.000000
116 580.000000
117 585.000000
118 590.000000
119 595.000000
120 600.000000
121 605.000000
122 610.000000
123 615.000000
124 620.000000
125 625.000000
126 630.000000
127 635.000000
128 640.000000
129 645.000000
130 650.000000
131 655.000000
132 660.000000
133 665.000000
134 670.000000
135 675.000000
136 680.000000
137 685.000000
138 690.000000
139 695.000000
140 700.000000
141 705.000000
142 710.000000
143 715.000000
144 720.000000
145 725.000000
146 730.000000
147 735.000000
148 740.000000
149 745.000000
150 750.000000
151 755.000000
152 760.000000
153 765.000000
154 770.000000
155 775.000000
156 780.000000
157 785.000000
158 790.000000
159 795.000000
160 800.000000
161 805.000000
162 810.000000
163 815.000000
164 820.000000
165 825.000000
166 830.000000
167 835.000000
168 840.000000
169 845.000000
170 850.000000
171 855.000000
172 860.000000
173 865.000000
174 870.000000
175 875.000000
176 880.000000
177 885.000000
178 890.000000
179 895.000000
180 900.000000
181 905.000000
182 910.000000
183 915.000000
184 920.000000
185 925.000000
186 930.000000
187 935.000000
188 940.000000
189 945.000000
190 950.000000
191 955.000000
192 960.000000
193 965.000000
194 970.000000
195 975.000000
196 980.000000
197 985.000000
198 990.000000
199 995.000000
200 1000.000000
201 1005.000000
202 1010.000000
203 1015.000000
204 1020.000000
205 1025.000000
206 1030.000000
207 1035.000000
208 1040.000000
209 1045.000000
210 1050.000000
211 1055.000000
212 1060.000000
213 1065.000000
214 1070.000000
215 1075.000000
216 1080.000000
217 1085.000000
218 1090.000000
219 1095.000000
220 1100.000000
221 1105.000000
222 1110.000000
223 1115.000000
224 1120.000000
225 1125.000000
226 1130.000000
227 1135.000000
228 1140.000000
229 1145.000000
230 1150.000000
231 1155.000000
232 1160.000000
233 1165.000000
234 1170.000000
235 1175.000000
236 1180.000000
237 1185.000000
238 1190.000000
239 1195.000000
240 1200.000000
241 1205.000000
242 1210.000000
243 1215.000000
244 1220.000000
245 1225.000000
246 1230.000000
247 1235.000000
248 1240.000000
249 1245.000000
250 1250.000000
251 1255.000000
252 1260.000000
253 1265.000000
254 1270.000000
255 1275.000000
256 1280.000000
257 1285.000000
258 1290.000000
259 1295.000000
260 1300.000000
261 1305.000000
262 1310.000000
263 1315.000000
264 1320.000000
265 1325.000000
266 1330.000000
267 1335.000000
268 1340.000000
269 1345.000000
270 1350.000000
271 1355.000000
272 1360.000000
273 1365.000000
274 1370.000000
275 1375.000000
276 1380.000000
277 1385.000000
278 1390.000000
279 1395.000000
280 1400.000000
281 1405.000000
282 1410.000000
283 1415.000000
284 1420.000000
285 1425.000000
286 1430.000000
287 1435.000000
288 1440.000000
289 1445.000000
290 1450.000000
291 1455.000000
292 1460.000000
293 1465.000000
294 1470.000000
295 1475.000000
296 1480.000000
297 1485.000000
298 1490.000000
299 1495.000000
300 1500.000000
301 1505.000000
302 1510.000000
303 1515.000000
304 1520.000000
305 1525.000000
306 1530.000000
307 1535.000000
308 1540.000000
309 1545.000000
310 1550.000000
311 1555.000000
312 1560.000000
313 1565.000000
314 1570.000000
315 1575.000000
316 1580.000000
317 1585.000000
318 1590.000000
319 1595.000000
320 1600.000000
321 1605.000000
322 1610.000000
323 1615.000000
324 1620.000000
325 1625.000000
326 1630.000000
327 1635.000000
328 1640.000000
329 1645.000000
330 1650.000000
331 1655.000000
332 1660.000000
333 1665.000000
334 1670.000000
335 1675.000000
336 1680.000000
337 1685.000000
338 1690.000000
339 1695.000000
340 1700.000000
341 1705.000000
342 1710.000000
343 1715.000000
344 1720.000000
345 1725.000000
346 1730.000000
347 1735.000000
348 1740.000000
349 1745.000000
350 1750.000000
351 1755.000000
352 1760.000000
353 1765.000000
354 1770.000000
355 1775.000000
356 1780.000000
357 1785.000000
358 1790.000000
359 1795.000000
360 1800.000000
361 1805.000000
362 1810.000000
363 1815.000000
364 1820.000000
365 1825.000000
366 1830.000000
367 1835.000000
368 1840.000000
369 1845.000000
370 1850.000000
371 1855.000000
372 1860.000000
373 1865.000000
374 1870.000000
375 1875.000000
376 1880.000000
377 1885.000000
378 1890.000000
379 1895.000000
380 1900.000000
381 1905.000000
382 1910.000000
383 1915.000000
384 1920.000000
385 1925.000000
386 1930.000000
387 1935.000000
388 1940.000000
389 1945.000000
390 1950.000000
391 1955.000000
392 1960.000000
393 1965.000000
394 1970.000000
395 1975.000000
396 1980.000000
397 1985.000000
398 1990.000000
399 1995.000000
400 2000.000000
401 2005.000000
402 2010.000000
403 2015.000000
404 2020.000000
405 2025.000000
406 2030.000000
407 2035.000000
408 2040.000000
409 2045.000000
410 2050.000000
411 2055.000000
412 2060.000000
413 2065.000000
414 2070.000000
415 2075.000000
416 2080.000000
417 2085.000000
418 2090.000000
419 2095.000000
420 2100.000000
421 2105.000000
422 2110.000000
423 2115.000000
424 2120.000000
425 2125.000000
426 2130.000000
427 2135.000000
428 2140.000000
429 2145.000000
430 2150.000000
431 2155.000000
432 2160.000000
433 2165.000000
434 2170.000000
435 2175.000000
436 2180.000000
437 2185.000000
438 2190.000000
439 2195.000000
440 2200.000000
441 2205.000000
442 2210.000000
443 2215.000000
444 2220.000000
445 2225.000000
446 2230.000000
447 2235.000000
448 2240.000000
449 2245.000000
450 2250.000000
451 2255.000000
452 2260.000000
453 2265.000000
454 2270.000000
455 2275.000000
456 2280.000000
457 2285.000000
458 2290.000000
459 2295.000000
460 2300.000000
461 2305.000000
462 2310.000000
463 2315.000000
464 2320.000000
465 2325.000000
466 2330.000000
467 2335.000000
468 2340.000000
469 2345.000000
470 2350.000000
471 2355.000000
472 2360.000000
473 2365.000000
474 2370.000000
475 2375.000000
476 2380.000000
477 2385.000000
478 2390.000000
479 2395.000000
480 2400.000000
481 2405.000000
482 2410.000000
483 2415.000000
484 2420.000000
485 2425.000000
486 2430.000000
487 2435.000000
488 2440.000000
489 2445.000000
490 2450.000000
491 2455.000000
492 2460.000000
493 2465.000000
494 2470.000000
495 2475.000000
496 2480.000000
497 2485.000000
498 2490.000000
499 2495.000000
500 2500.000000
501 2505.000000
502 2510.000000
503 2515.000000
504 2520.000000
505 2525.000000
506 2530.000000
507 2535.000000
508 2540.000000
509 2545.000000
510 2550.000000
511 2555.000000
512 2560.000000
513 2565.000000
514 2570.000000
515 2575.000000
516 2580.000000
517 2585.000000
518 2590.000000
519 2595.000000
520 2600.000000
521 2605.000000
522 2610.000000
523 2615.000000
524 2620.000000
525 2625.000000
526 2630.000000
527 2635.000000
528 2640.000000
529 2645.000000
530 2650.000000
531 2655.000000
532 2660.000000
533 2665.000000
534 2670.000000
535 2675.000000
536 2680.000000
537 2685.000000
538 2690.000000
539 2695.000000
540 2700.000000
541 2705.000000
542 2710.000000
543 2715.000000
544 2720.000000
545 2725.000000
546 2730.000000
547 2735.000000
548 2740.000000
549 2745.000000
550 2750.000000
551 2755.000000
552 2760.000000
553 2765.000000
554 2770.000000
555 2775.000000
556 2780.000000
557 2785.000000
558 2790.000000
559 2795.000000
560 2800.000000
561 2805.000000
562 2810.000000
563 2815.000000
564 2820.000000
565 2825.000000
566 2830.000000
567 2835.000000
568 2840.000000
569 2845.000000
570 2850.000000
571 2855.000000
572 2860.000000
573 2865.000000
574 2870.000000
575 2875.000000
576 2880.000000
577 2885.000000
578 2890.000000
579 2895.000000
580 2900.000000
581 2905.000000
582 2910.000000
583 2915.000000
584 2920.000000
585 2925.000000
586 2930.000000
587 2935.000000
588 2940.000000
589 2945.000000
590 2950.000000
591 2955.000000
592 2960.000000
593 2965.000000
594 2970.000000
595 2975.000000
596 2980.000000
597 2985.000000
598 2990.000000
599 2995.000000
600 3000.000000
601 3005.000000
602 3010.000000
603 3015.000000
604 3020.000000
605 3025.000000
606 3030.000000
607 3035.000000
608 3040.000000
609 3045.000000
610 3050.000000
611 3055.000000
612 3060.000000
613 3065.000000
614 3070.000000
615 3075.000000
616 3080.000000
617 3085.000000
618 3090.000000
619 3095.000000
620 3100.000000
621 3105.000000
622 3110.000000
623 3115.000000
624 3120.000000
625 3125.000000
626 3130.000000
627 3135.000000
628 3140.000000
629 3145.000000
630 3150.000000
631 3155.000000
632 3160.000000
633 3165.000000
634 3170.000000
635 3175.000000
636 3180.000000
637 3185.000000
638 3190.000000
639 3195.000000
640 3200.000000
641 3205.000000
642 3210.000000
643 3215.000000
644 3220.000000
645 3225.000000
646 3230.000000
647 3235.000000
648 3240.000000
649 3245.000000
650 3250.000000
651 3255.000000
652 3260.000000
653 3265.000000
654 3270.000000
655 3275.000000
656 3280.000000
657 3285.000000
658 3290.000000
659 3295.000000
660 3300.000000
661 3305.000000
662 3310.000000
663 3315.000000
664 3320.000000
665 3325.000000
666 3330.000000
667 3335.000000
668 3340.000000
669 3345.000000
670 3350.000000
671 3355.000000
672 3360.000000
673 3365.000000
674 3370.000000
675 3375.000000
676 3380.000000
677 3385.000000
678 3390.000000
679 3395.000000
680 3400.000000
681 3405.000000
682 3410.000000
683 3415.000000
684 3420.000000
685 3425.000000
686 3430.000000
687 3435.000000
688 3440.000000
689 3445.000000
690 3450.000000
691 3455.000000
692 3460.000000
693 3465.000000
694 3470.000000
695 3475.000000
696 3480.000000
697 3485.000000
698 3490.000000
699 3495.000000
700 3500.000000
701 3505.000000
702 3510.000000
703 3515.000000
704 3520.000000
705 3525.000000
706 3530.000000
707 3535.000000
708 3540.000000
709 3545.000000
710 3550.000000
711 3555.000000
712 3560.000000
713 3565.000000
714 3570.000000
715 3575.000000
716 3580.000000
717 3585.000000
718 3590.000000
719 3595.000000
720 3600.000000
721 3605.000000
722 3610.000000
723 3615.000000
724 3620.000000
725 3625.000000
726 3630.000000
727 3635.000000
728 3640.000000
729 3645.000000
730 3650.000000
731 3655.000000
732 3660.000000
733 3665.000000
734 3670.000000
735 3675.000000
736 3680.000000
737 3685.000000
738 3690.000000
739 3695.000000
740 3700.000000
741 3705.000000
742 3710.000000
743 3715.000000
744 3720.000000
745 3725.000000
746 3730.000000
747 3735.000000
748 3740.000000
749 3745.000000
750 3750.000000
751 3755.000000
752 3760.000000
753 3765.000000
754 3770.000000
755 3775.000000
756 3780.000000
757 3785.000000
758 3790.000000
759 3795.000000
760 3800.000000
761 3805.000000
762 3810.000000
763 3815.000000
764 3820.000000
765 3825.000000
766 3830.000000
767 3835.000000
768 3840.000000
769 3845.000000
770 3850.000000
771 3855.000000
772 3860.000000
773 3865.000000
774 3870.000000
775 3875.000000
776 3880.000000
777 3885.000000
778 3890.000000
779 3895.000000
780 3900.000000
781 3905.000000
782 3910.000000
783 3915.000000
784 3920.000000
785 3925.000000
786 3930.000000
787 3935.000000
788 3940.000000
789 3945.000000
790 3950.000000
791 3955.000000
792 3960.000000
793 3965.000000
794 3970.000000
795 3975.000000
796 3980.000000
797 3985.000000
798 3990.000000
799 3995.000000
800 4000.000000
801 4005.000000
802 4010.000000
803 4015.000000
804 4020.000000
805 4025.000000
806 4030.000000
807 4035.000000
808 4040.000000
809 4045.000000
810 4050.000000
811 4055.000000
812 4060.000000
813 4065.000000
814 4070.000000
815 4075.000000
816 4080.000000
817 4085.000000
818 4090.000000
819 4095.000000
820 4100.000000
821 4105.000000
822 4110.000000
823 4115.000000
824 4120.000000
825 4125.000000
826 4130.000000
827 4135.000000
828 4140.000000
829 4145.000000
830 4150.000000
831 4155.000000
832 4160.000000
833 4165.000000
834 4170.000000
835 4175.000000
836 4180.000000
837 4185.000000
838 4190.000000
839 4195.000000
840 4200.000000
841 4205.000000
842 4210.000000
843 4215.000000
844 4220.000000
845 4225.000000
846 4230.000000
847 4235.000000
848 4240.000000
849 4245.000000
850 4250.000000
851 4255.000000
852 4260.000000
853 4265.000000
854 4270.000000
855 4275.000000
856 4280.000000
857 4285.000000
858 4290.000000
859 4295.000000
860 4300.000000
861 4305.000000
862 4310.000000
863 4315.000000
864 4320.000000
865 4325.000000
866 4330.000000
867 4335.000000
868 4340.000000
869 4345.000000
870 4350.000000
871 4355.000000
872 4360.000000
873 4365.000000
874 4370.000000
875 4375.000000
876 4380.000000
877 4385.000000
878 4390.000000
879 4395.000000
880 4400.000000
881 4405.000000
882 4410.000000
883 4415.000000
884 4420.000000
885 4425.000000
886 4430.000000
887 4435.000000
888 4440.000000
889 4445.000000
890 4450.000000
891 4455.000000
892 4460.000000
893 4465.000000
894 4470.000000
895 4475.000000
896 4480.000000
897 4485.000000
898 4490.000000
899 4495.000000
900 4500.000000
901 4505.000000
902 4510.000000
903 4515.000000
904 4520.000000
905 4525.000000
906 4530.000000
907 4535.000000
908 4540.000000
909 4545.000000
910 4550.000000
911 4555.000000
912 4560.000000
913 4565.000000
914 4570.000000
915 4575.000000
916 4580.000000
917 4585.000000
918 4590.000000
919 4595.000000
920 4600.000000
921 4605.000000
922 4610.000000
923 4615.000000
924 4620.000000
925 4625.000000
926 4630.000000
927 4635.000000
928 4640.000000
929 4645.000000
930 4650.000000
931 4655.000000
932 4660.000000
933 4665.000000
934 4670.000000
935 4675.000000
936 4680.000000
937 4685.000000
938 4690.000000
939 4695.000000
940 4700.000000
941 4705.000000
942 4710.000000
943 4715.000000
944 4720.000000
945 4725.000000
946 4730.000000
947 4735.000000
948 4740.000000
949 4745.000000
950 4750.000000
951 4755.000000
952 4760.000000
953 4765.000000
954 4770.000000
955 4775.000000
956 4780.000000
957 4785.000000
958 4790.000000
959 4795.000000
960 4800.000000
961 4805.000000
962 4810.000000
963 4815.000000
964 4820.000000
965 4825.000000
966 4830.000000
967 4835.000000
968 4840.000000
969 4845.000000
970 4850.000000
971 4855.000000
972 4860.000000
973 4865.000000
974 4870.000000
975 4875.000000
976 4880.000000
977 4885.000000
978 4890.000000
979 4895.000000
980 4900.000000
981 4905.000000
982 4910.000000
983 4915.000000
984 4920.000000
985 4925.000000
986 4930.000000
987 4935.000000
988 4940.000000
989 4945.000000
990 4950.000000
991 4955.000000
992 4960.000000
993 4965.000000
994 4970.000000
995 4975.000000
996 4980.000000
997 4985.000000
998 4990.000000
999 4995.000000
1000 5000.000000
