0
0
1001
0 0.000000
1 1.000000
2 4.000000
3 9.000000
4 16.000000
5 25.000000
6 36.000000
7 49.000000
8 64.000000
9 81.000000
10 100.000000
11 121.000000
12 144.000000
13 169.000000
14 196.000000
15 225.000000
16 256.000000
17 289.000000
18 324.000000
19 361.000000
20 400.000000
21 441.000000
22 484.000000
23 529.000000
24 576.000000
25 625.000000
26 676.000000
27 729.000000
28 784.000000
29 841.000000
30 900.000000
31 961.000000
32 1024.000000
33 1089.000000
34 1156.000000
35 1225.000000
36 1296.000000
37 1369.000000
38 1444.000000
39 1521.000000
40 1600.000000
41 1681.000000
42 1764.000000
43 1849.000000
44 1936.000000
45 2025.000000
46 2116.000000
47 2209.000000
48 2304.000000
49 2401.000000
50 2500.000000
51 2601.000000
52 2704.000000
53 2809.000000
54 2916.000000
55 3025.000000
56 3136.000000
57 3249.000000
58 3364.000000
59 3481.000000
60 3600.000000
61 3721.000000
62 3844.000000
63 3969.000000
64 4096.000000
65 4225.000000
66 4356.000000
67 4489.000000
68 4624.000000
69 4761.000000
70 4900.000000
71 5041.000000
72 5184.000000
73 5329.000000
74 5476.000000
75 5625.000000
76 5776.000000
77 5929.000000
78 6084.000000
79 6241.000000
80 6400.000000
81 6561.000000
82 6724.000000
83 6889.000000
84 7056.000000
85 7225.000000
86 7396.000000
87 7569.000000
88 7744.000000
89 7921.000000
90 8100.000000
91 8281.000000
92 8464.000000
93 8649.000000
94 8836.000000
95 9025.000000
96 9216.000000
97 9409.000000
98 9604.000000
99 9801.000000
100 10000.000000
101 10201.000000
102 10404.000000
103 10609.000000
104 10816.000000
105 11025.000000
106 11236.000000
107 11449.000000
108 11664.000000
109 11881.000000
110 12100.000000
111 12321.000000
112 12544.000000
113 12769.000000
114 12996.000000
115 13225.000000
116 13456.000000
117 13689.000000
118 13924.000000
119 14161.000000
120 14400.000000
121 14641.000000
122 14884.000000
123 15129.000000
124 15376.000000
125 15625.000000
126 15876.000000
127 16129.000000
128 16384.000000
129 16641.000000
130 16900.000000
131 17161.000000
132 17424.000000
133 17689.000000
134 17956.000000
135 18225.000000
136 18496.000000
137 18769.000000
138 19044.000000
139 19321.000000
140 19600.000000
141 19881.000000
142 20164.000000
143 20449.000000
144 20736.000000
145 21025.000000
146 21316.000000
147 21609.000000
148 21904.000000
149 22201.000000
150 22500.000000
151 22801.000000
152 23104.000000
153 23409.000000
154 23716.000000
155 24025.000000
156 24336.000000
157 24649.000000
158 24964.000000
159 25281.000000
160 25600.000000
161 25921.000000
162 26244.000000
163 26569.000000
164 26896.000000
165 27225.000000
166 27556.000000
167 27889.000000
168 28224.000000
169 28561.000000
170 28900.000000
171 29241.000000
172 29584.000000
173 29929.000000
174 30276.000000
175 30625.000000
176 30976.000000
177 31329.000000
178 31684.000000
179 32041.000000
180 32400.000000
181 32761.000000
182 33124.000000
183 33489.000000
184 33856.000000
185 34225.000000
186 34596.000000
187 34969.000000
188 35344.000000
189 35721.000000
190 36100.000000
191 36481.000000
192 36864.000000
193 37249.000000
194 37636.000000
195 38025.000000
196 38416.000000
197 38809.000000
198 39204.000000
199 39601.000000
200 40000.000000
201 40401.000000
202 40804.000000
203 41209.000000
204 41616.000000
205 42025.000000
206 42436.000000
207 42849.000000
208 43264.000000
209 43681.000000
210 44100.000000
211 44521.000000
212 44944.000000
213 45369.000000
214 45796.000000
215 46225.000000
216 46656.000000
217 47089.000000
218 47524.000000
219 47961.000000
220 48400.000000
221 48841.000000
222 49284.000000
223 49729.000000
224 50176.000000
225 50625.000000
226 51076.000000
227 51529.000000
228 51984.000000
229 52441.000000
230 52900.000000
231 53361.000000
232 53824.000000
233 54289.000000
234 54756.000000
235 55225.000000
236 55696.000000
237 56169.000000
238 56644.000000
239 57121.000000
240 57600.000000
241 58081.000000
242 58564.000000
243 59049.000000
244 59536.000000
245 60025.000000
246 60516.000000
247 61009.000000
248 61504.000000
249 62001.000000
250 62500.000000
251 63001.000000
252 63504.000000
253 64009.000000
254 64516.000000
255 65025.000000
256 65536.000000
257 66049.000000
258 66564.000000
259 67081.000000
260 67600.000000
261 68121.000000
262 68644.000000
263 69169.000000
264 69696.000000
265 70225.000000
266 70756.000000
267 71289.000000
268 71824.000000
269 72361.000000
270 72900.000000
271 73441.000000
272 73984.000000
273 74529.000000
274 75076.000000
275 75625.000000
276 76176.000000
277 76729.000000
278 77284.000000
279 77841.000000
280 78400.000000
281 78961.000000
282 79524.000000
283 80089.000000
284 80656.000000
285 81225.000000
286 81796.000000
287 82369.000000
288 82944.000000
289 83521.000000
290 84100.000000
291 84681.000000
292 85264.000000
293 85849.000000
294 86436.000000
295 87025.000000
296 87616.000000
297 88209.000000
298 88804.000000
299 89401.000000
300 90000.000000
301 90601.000000
302 91204.000000
303 91809.000000
304 92416.000000
305 93025.000000
306 93636.000000
307 94249.000000
308 94864.000000
309 95481.000000
310 96100.000000
311 96721.000000
312 97344.000000
313 97969.000000
314 98596.000000
315 99225.000000
316 99856.000000
317 100489.000000
318 101124.000000
319 101761.000000
320 102400.000000
321 103041.000000
322 103684.000000
323 104329.000000
324 104976.000000
325 105625.000000
326 106276.000000
327 106929.000000
328 107584.000000
329 108241.000000
330 108900.000000
331 109561.000000
332 110224.000000
333 110889.000000
334 111556.000000
335 112225.000000
336 112896.000000
337 113569.000000
338 114244.000000
339 114921.000000
340 115600.000000
341 116281.000000
342 116964.000000
343 117649.000000
344 118336.000000
345 119025.000000
346 119716.000000
347 120409.000000
348 121104.000000
349 121801.000000
350 122500.000000
351 123201.000000
352 123904.000000
353 124609.000000
354 125316.000000
355 126025.000000
356 126736.000000
357 127449.000000
358 128164.000000
359 128881.000000
360 129600.000000
361 130321.000000
362 131044.000000
363 131769.000000
364 132496.000000
365 133225.000000
366 133956.000000
367 134689.000000
368 135424.000000
369 136161.000000
370 136900.000000
371 137641.000000
372 138384.000000
373 139129.000000
374 139876.000000
375 140625.000000
376 141376.000000
377 142129.000000
378 142884.000000
379 143641.000000
380 144400.000000
381 145161.000000
382 145924.000000
383 146689.000000
384 147456.000000
385 148225.000000
386 148996.000000
387 149769.000000
388 150544.000000
389 151321.000000
390 152100.000000
391 152881.000000
392 153664.000000
393 154449.000000
394 155236.000000
395 156025.000000
396 156816.000000
397 157609.000000
398 158404.000000
399 159201.000000
400 160000.000000
401 160801.000000
402 161604.000000
403 162409.000000
404 163216.000000
405 164025.000000
406 164836.000000
407 165649.000000
408 166464.000000
409 167281.000000
410 168100.000000
411 168921.000000
412 169744.000000
413 170569.000000
414 171396.000000
415 172225.000000
416 173056.000000
417 173889.000000
418 174724.000000
419 175561.000000
420 176400.000000
421 177241.000000
422 178084.000000
423 178929.000000
424 179776.000000
425 180625.000000
426 181476.000000
427 182329.000000
428 183184.000000
429 184041.000000
430 184900.000000
431 185761.000000
432 186624.000000
433 187489.000000
434 188356.000000
435 189225.000000
436 190096.000000
437 190969.000000
438 191844.000000
439 192721.000000
440 193600.000000
441 194481.000000
442 195364.000000
443 196249.000000
444 197136.000000
445 198025.000000
446 198916.000000
447 199809.000000
448 200704.000000
449 201601.000000
450 202500.000000
451 203401.000000
452 204304.000000
453 205209.000000
454 206116.000000
455 207025.000000
456 207936.000000
457 208849.000000
458 209764.000000
459 210681.000000
460 211600.000000
461 212521.000000
462 213444.000000
463 214369.000000
464 215296.000000
465 216225.000000
466 217156.000000
467 218089.000000
468 219024.000000
469 219961.000000
470 220900.000000
471 221841.000000
472 222784.000000
473 223729.000000
474 224676.000000
475 225625.000000
476 226576.000000
477 227529.000000
478 228484.000000
479 229441.000000
480 230400.000000
481 231361.000000
482 232324.000000
483 233289.000000
484 234256.000000
485 235225.000000
486 236196.000000
487 237169.000000
488 238144.000000
489 239121.000000
490 240100.000000
491 241081.000000
492 242064.000000
493 243049.000000
494 244036.000000
495 245025.000000
496 246016.000000
497 247009.000000
498 248004.000000
499 249001.000000
500 250000.000000
501 251001.000000
502 252004.000000
503 253009.000000
504 254016.000000
505 255025.000000
506 256036.000000
507 257049.000000
508 258064.000000
509 259081.000000
510 260100.000000
511 261121.000000
512 262144.000000
513 263169.000000
514 264196.000000
515 265225.000000
516 266256.000000
517 267289.000000
518 268324.000000
519 269361.000000
520 270400.000000
521 271441.000000
522 272484.000000
523 273529.000000
524 274576.000000
525 275625.000000
526 276676.000000
527 277729.000000
528 278784.000000
529 279841.000000
530 280900.000000
531 281961.000000
532 283024.000000
533 284089.000000
534 285156.000000
535 286225.000000
536 287296.000000
537 288369.000000
538 289444.000000
539 290521.000000
540 291600.000000
541 292681.000000
542 293764.000000
543 294849.000000
544 295936.000000
545 297025.000000
546 298116.000000
547 299209.000000
548 300304.000000
549 301401.000000
550 302500.000000
551 303601.000000
552 304704.000000
553 305809.000000
554 306916.000000
555 308025.000000
556 309136.000000
557 310249.000000
558 311364.000000
559 312481.000000
560 313600.000000
561 314721.000000
562 315844.000000
563 316969.000000
564 318096.000000
565 319225.000000
566 320356.000000
567 321489.000000
568 322624.000000
569 323761.000000
570 324900.000000
571 326041.000000
572 327184.000000
573 328329.000000
574 329476.000000
575 330625.000000
576 331776.000000
577 332929.000000
578 334084.000000
579 335241.000000
580 336400.000000
581 337561.000000
582 338724.000000
583 339889.000000
584 341056.000000
585 342225.000000
586 343396.000000
587 344569.000000
588 345744.000000
589 346921.000000
590 348100.000000
591 349281.000000
592 350464.000000
593 351649.000000
594 352836.000000
595 354025.000000
596 355216.000000
597 356409.000000
598 357604.000000
599 358801.000000
600 360000.000000
601 361201.000000
602 362404.000000
603 363609.000000
604 364816.000000
605 366025.000000
606 367236.000000
607 368449.000000
608 369664.000000
609 370881.000000
610 372100.000000
611 373321.000000
612 374544.000000
613 375769.000000
614 376996.000000
615 378225.000000
616 379456.000000
617 380689.000000
618 381924.000000
619 383161.000000
620 384400.000000
621 385641.000000
622 386884.000000
623 388129.000000
624 389376.000000
625 390625.000000
626 391876.000000
627 393129.000000
628 394384.000000
629 395641.000000
630 396900.000000
631 398161.000000
632 399424.000000
633 400689.000000
634 401956.000000
635 403225.000000
636 404496.000000
637 405769.000000
638 407044.000000
639 408321.000000
640 409600.000000
641 410881.000000
642 412164.000000
643 413449.000000
644 414736.000000
645 416025.000000
646 417316.000000
647 418609.000000
648 419904.000000
649 421201.000000
650 422500.000000
651 423801.000000
652 425104.000000
653 426409.000000
654 427716.000000
655 429025.000000
656 430336.000000
657 431649.000000
658 432964.000000
659 434281.000000
660 435600.000000
661 436921.000000
662 438244.000000
663 439569.000000
664 440896.000000
665 442225.000000
666 443556.000000
667 444889.000000
668 446224.000000
669 447561.000000
670 448900.000000
671 450241.000000
672 451584.000000
673 452929.000000
674 454276.000000
675 455625.000000
676 456976.000000
677 458329.000000
678 459684.000000
679 461041.000000
680 462400.000000
681 463761.000000
682 465124.000000
683 466489.000000
684 467856.000000
685 469225.000000
686 470596.000000
687 471969.000000
688 473344.000000
689 474721.000000
690 476100.000000
691 477481.000000
692 478864.000000
693 480249.000000
694 481636.000000
695 483025.000000
696 484416.000000
697 485809.000000
698 487204.000000
699 488601.000000
700 490000.000000
701 491401.000000
702 492804.000000
703 494209.000000
704 495616.000000
705 497025.000000
706 498436.000000
707 499849.000000
708 501264.000000
709 502681.000000
710 504100.000000
711 505521.000000
712 506944.000000
713 508369.000000
714 509796.000000
715 511225.000000
716 512656.000000
717 514089.000000
718 515524.000000
719 516961.000000
720 518400.000000
721 519841.000000
722 521284.000000
723 522729.000000
724 524176.000000
725 525625.000000
726 527076.000000
727 528529.000000
728 529984.000000
729 531441.000000
730 532900.000000
731 534361.000000
732 535824.000000
733 537289.000000
734 538756.000000
735 540225.000000
736 541696.000000
737 543169.000000
738 544644.000000
739 546121.000000
740 547600.000000
741 549081.000000
742 550564.000000
743 552049.000000
744 553536.000000
745 555025.000000
746 556516.000000
747 558009.000000
748 559504.000000
749 561001.000000
750 562500.000000
751 564001.000000
752 565504.000000
753 567009.000000
754 568516.000000
755 570025.000000
756 571536.000000
757 573049.000000
758 574564.000000
759 576081.000000
760 577600.000000
761 579121.000000
762 580644.000000
763 582169.000000
764 583696.000000
765 585225.000000
766 586756.000000
767 588289.000000
768 589824.000000
769 591361.000000
770 592900.000000
771 594441.000000
772 595984.000000
773 597529.000000
774 599076.000000
775 600625.000000
776 602176.000000
777 603729.000000
778 605284.000000
779 606841.000000
780 608400.000000
781 609961.000000
782 611524.000000
783 613089.000000
784 614656.000000
785 616225.000000
786 617796.000000
787 619369.000000
788 620944.000000
789 622521.000000
790 624100.000000
791 625681.000000
792 627264.000000
793 628849.000000
794 630436.000000
795 632025.000000
796 633616.000000
797 635209.000000
798 636804.000000
799 638401.000000
800 640000.000000
801 641601.000000
802 643204.000000
803 644809.000000
804 646416.000000
805 648025.000000
806 649636.000000
807 651249.000000
808 652864.000000
809 654481.000000
810 656100.000000
811 657721.000000
812 659344.000000
813 660969.000000
814 662596.000000
815 664225.000000
816 665856.000000
817 667489.000000
818 669124.000000
819 670761.000000
820 672400.000000
821 674041.000000
822 675684.000000
823 677329.000000
824 678976.000000
825 680625.000000
826 682276.000000
827 683929.000000
828 685584.000000
829 687241.000000
830 688900.000000
831 690561.000000
832 692224.000000
833 693889.000000
834 695556.000000
835 697225.000000
836 698896.000000
837 700569.000000
838 702244.000000
839 703921.000000
840 705600.000000
841 707281.000000
842 708964.000000
843 710649.000000
844 712336.000000
845 714025.000000
846 715716.000000
847 717409.000000
848 719104.000000
849 720801.000000
850 722500.000000
851 724201.000000
852 725904.000000
853 727609.000000
854 729316.000000
855 731025.000000
856 732736.000000
857 734449.000000
858 736164.000000
859 737881.000000
860 739600.000000
861 741321.000000
862 743044.000000
863 744769.000000
864 746496.000000
865 748225.000000
866 749956.000000
867 751689.000000
868 753424.000000
869 755161.000000
870 756900.000000
871 758641.000000
872 760384.000000
873 762129.000000
874 763876.000000
875 765625.000000
876 767376.000000
877 769129.000000
878 770884.000000
879 772641.000000
880 774400.000000
881 776161.000000
882 777924.000000
883 779689.000000
884 781456.000000
885 783225.000000
886 784996.000000
887 786769.000000
888 788544.000000
889 790321.000000
890 792100.000000
891 793881.000000
892 795664.000000
893 797449.000000
894 799236.000000
895 801025.000000
896 802816.000000
897 804609.000000
898 806404.000000
899 808201.000000
900 810000.000000
901 811801.000000
902 813604.000000
903 815409.000000
904 817216.000000
905 819025.000000
906 820836.000000
907 822649.000000
908 824464.000000
909 826281.000000
910 828100.000000
911 829921.000000
912 831744.000000
913 833569.000000
914 835396.000000
915 837225.000000
916 839056.000000
917 840889.000000
918 842724.000000
919 844561.000000
920 846400.000000
921 848241.000000
922 850084.000000
923 851929.000000
924 853776.000000
925 855625.000000
926 857476.000000
927 859329.000000
928 861184.000000
929 863041.000000
930 864900.000000
931 866761.000000
932 868624.000000
933 870489.000000
934 872356.000000
935 874225.000000
936 876096.000000
937 877969.000000
938 879844.000000
939 881721.000000
940 883600.000000
941 885481.000000
942 887364.000000
943 889249.000000
944 891136.000000
945 893025.000000
946 894916.000000
947 896809.000000
948 898704.000000
949 900601.000000
950 902500.000000
951 904401.000000
952 906304.000000
953 908209.000000
954 910116.000000
955 912025.000000
956 913936.000000
957 915849.000000
958 917764.000000
959 919681.000000
960 921600.000000
961 923521.000000
962 925444.000000
963 927369.000000
964 929296.000000
965 931225.000000
966 933156.000000
967 935089.000000
968 937024.000000
969 938961.000000
970 940900.000000
971 942841.000000
972 944784.000000
973 946729.000000
974 948676.000000
975 950625.000000
976 952576.000000
977 954529.000000
978 956484.000000
979 958441.000000
980 960400.000000
981 962361.000000
982 964324.000000
983 966289.000000
984 968256.000000
985 970225.000000
986 972196.000000
987 974169.000000
988 976144.000000
989 978121.000000
990 980100.000000
991 982081.000000
992 984064.000000
993 986049.000000
994 988036.000000
995 990025.000000
996 992016.000000
997 994009.000000
998 996004.000000
999 998001.000000
1000 1000000.000000
